4.559791377268178621e+03 1.343698718280237699e+03 9.797422870018356207e+02 9.364702487483950790e+02 5.647421046507262190e+02 4.952982174890607325e+02 3.875905279178865612e+02 2.210451436075519780e+02 8.588981568166323655e+01 1.312405964538099283e+02 8.481084745030935323e+01 8.189896499735708346e+01 2.708948369230214936e+01 7.347350890560115921e+00 1.908005549622879826e+00 2.908623725746397604e+00 2.175735856071547403e+00 2.817484612251748843e-01 3.942102750451955684e-01 1.236832089527702960e+00 4.500150333090506272e-01 6.090356346538685489e-02 1.859367212076535048e-01 -1.228593094980533484e-01 -1.052825703086733622e+00 -4.554713227739707326e-01 -8.319834038677058619e-01 -8.262719686406969632e-01 -5.777847571369292279e-01 -2.084482244743280921e-01 -2.934453829357301369e-01 -1.897777126227292166e-01 -4.611625888701087472e-02 -1.187332085902484749e-02 9.698837749116361040e-03 6.179722320407722569e-02 -3.140560998346304811e-02 -3.843669250079874422e-02 1.952204656925972956e-03 2.200394534184883441e-02 1.366002909680058899e-02 -2.871626393777525557e-02 -1.622449144397135681e-02 -7.929106338800921347e-03 -4.818476225195056535e-03 -2.266967857383549514e-03 -1.908258443806675614e-02 -9.238100842279823102e-03 -1.515015433014990816e-02 -2.669187176677048808e-03
1.343698718280237699e+03 3.101187465262620208e+03 1.174975309517079495e+03 6.488283262298662066e+02 6.244542881752979611e+02 3.563081045403307598e+02 3.501743050226452851e+02 2.092681137386983039e+02 1.357895181102259130e+02 8.023422054505992662e+01 5.670116126712459703e+01 5.745877446333904714e+01 2.232052718475803488e+01 4.446148678497332529e-01 -8.987530491934778709e-01 -2.109532714403829612e+00 -6.019538228020366866e+00 -2.575643894208318851e+00 -1.341654914676168264e+00 9.507022275844365655e-01 1.130174152952445610e+00 1.172989024883634546e+00 3.339747190686374184e-02 2.600342790724967379e-02 -2.509411540007435715e-01 -3.922537988968204103e-02 -4.033947867331308390e-01 -1.548401213129970422e-01 1.689653623073834043e-01 2.213595074845953192e-01 -3.108267706159778890e-02 -2.563342410262948318e-02 -3.953368686035187846e-02 -4.289246353818201157e-02 8.126175428876874357e-03 6.693072457080142396e-03 8.948415055642139695e-03 9.002106199534070860e-03 5.834768820114625458e-04 -1.191813264639546613e-04 1.885472680204217837e-03 -4.538505758561803966e-02 -3.941460333876247585e-02 -4.597881352480647638e-02 -5.532750819222034822e-02 -6.071055437308305047e-02 -5.698454465435607436e-02 -5.263614444551168586e-02 -4.661365994690112174e-02 -3.520872748550989834e-02
9.797422870018356207e+02 1.174975309517079495e+03 1.764292792337461833e+03 5.679441551973575315e+02 4.184467273241478438e+02 1.865194680812388697e+02 3.253152402884325625e+02 2.061983089323596232e+02 1.462096557374015617e+02 8.403312476271159426e+01 5.986995623976289949e+01 4.955746688375649001e+01 2.043892168265357157e+01 8.902180639222748937e+00 9.038020994843232181e-01 -1.054438018420655432e+00 -1.432693784756342126e+00 -2.284085328805643744e+00 -1.177364167978674825e+00 -7.801810191178945031e-01 -1.560187356682959658e-01 -4.776561149583996579e-01 -3.759087782110387410e-01 -1.802232489490931955e-01 -7.056873474657096024e-01 -5.963609924679628138e-01 -4.968994037872269121e-01 -3.038379989601944775e-01 -1.552551149479813875e-01 1.548826868849099113e-02 4.694756876472443163e-02 4.638131339587606150e-02 4.101200556447182066e-02 7.285560593499273117e-03 2.166785525681073216e-02 8.135387493617292007e-03 -3.381994677895378649e-04 -9.445781072523798047e-03 8.148844630961509308e-03 8.709755862954814826e-03 9.236069467038258290e-03 -1.934327285898676269e-03 9.896778572557437398e-03 6.214650985397441110e-03 -5.210874776867526143e-04 -5.509882491591621377e-03 -5.939161308104449165e-03 -5.753785832741537161e-03 -4.787132331018648622e-03 4.230962756698132868e-04
9.364702487483950790e+02 6.488283262298662066e+02 5.679441551973575315e+02 8.516771206918205053e+02 2.859207008627832352e+02 2.151091068982640593e+02 2.226003415445596829e+02 1.107499116451824221e+02 8.150367482897875959e+01 4.398433900004714303e+01 3.777208457712320921e+01 3.212579055182298049e+01 1.486924351142716816e+01 2.716095178482540007e+00 4.269338473451294469e+00 3.381676726007861955e+00 2.162340606312461944e+00 5.784340993892042038e-01 -4.362353306079234244e-02 1.834118676726504138e-01 -6.486607783346265421e-01 -5.841935890803886533e-01 -7.978974603137760635e-01 -6.901046200857049451e-01 -7.460640098390273200e-01 -5.733010855391196259e-01 -6.829545191474083454e-01 -3.612687447939689211e-01 -3.063495863298381083e-01 -1.747915885304854033e-01 -1.990445852379583991e-01 -8.791309676527539474e-02 -1.198165986069724270e-01 -1.014859764323581132e-01 -6.111857310896860740e-02 -6.674185278427356705e-02 -4.938376537132356525e-02 -7.451938499134166949e-02 -3.678545865277429300e-02 -1.581786956395535987e-02 -1.049177561365169202e-02 -2.804113684035717396e-02 -1.191896410647580798e-02 -8.181051919179262166e-03 -4.000369913292708968e-03 -1.062271013565086776e-02 -1.489131291992818948e-02 -1.587809821806400457e-02 -1.123439278967474503e-02 -1.406816714544729605e-02
5.647421046507262190e+02 6.244542881752979611e+02 4.184467273241478438e+02 2.859207008627832352e+02 4.427909996419564891e+02 1.768614247446967909e+02 1.596224529654504920e+02 1.189195341487572222e+02 7.639981814110666392e+01 4.961092793877806173e+01 3.582491049604958988e+01 2.974914843022656896e+01 1.677490850332101147e+01 6.096454650063662051e+00 3.171053305042064618e+00 1.920213881324585481e+00 1.339290417966675140e+00 9.395987832500679593e-01 5.905600854274027922e-01 8.654234718772472190e-01 5.340798926977156080e-01 5.224858335138580223e-01 1.150526814490610422e-01 4.881641061863028347e-02 -1.742417855839179519e-01 -5.288860768179206445e-02 -4.668005547372153924e-02 -1.113547412885266680e-01 -4.612493409420585083e-02 -5.003191796196177279e-03 2.241665427686899675e-03 -6.082122152615985523e-03 -1.170000439857333055e-02 2.224094357388551116e-02 6.011650295951025125e-02 2.364327175366798608e-02 7.249364732914874085e-03 2.468925296149300681e-03 1.339871635463505718e-02 1.303388778028037077e-02 8.972977723235789002e-03 -6.994303254958940570e-03 7.275942319866788091e-04 -4.467969378272406908e-03 6.687547541994976960e-04 -6.108008056588150672e-03 -5.714794504541960765e-03 -5.273099730460018703e-03 -3.952789899221591241e-03 -2.852814177564239853e-04
4.952982174890607325e+02 3.563081045403307598e+02 1.865194680812388697e+02 2.151091068982640593e+02 1.768614247446967909e+02 2.242400197635315919e+02 8.794765493954677993e+01 4.751155682139807368e+01 3.547639983126122587e+01 2.794721449477712127e+01 1.593254014483343894e+01 1.641045653375110902e+01 8.183140437394680333e+00 2.003316025621433738e+00 -4.371016478443692788e-03 -1.409543989584381152e-01 7.567536253434486992e-02 2.286646006472539405e-01 -4.177900834322122448e-01 9.835313807091214389e-02 3.535510688711294702e-01 3.691698150325931072e-01 2.071708074651184561e-01 3.129838861318051668e-02 -1.674327785102228960e-01 -1.169339331765588685e-01 -9.089365088314831087e-02 -7.519142217796288830e-02 -4.132927186215219761e-02 2.340869903057855514e-02 3.006433298837765666e-02 3.098461979368347108e-02 3.859378981864463459e-02 5.378173981219741551e-02 3.695015078587899487e-02 8.087926369287170777e-03 8.604348706755503024e-04 -3.886262036963118900e-03 1.293669027812651903e-02 1.584590018836705763e-02 9.411361536910108419e-03 1.090712699836423813e-03 3.581255390572701553e-03 2.792677688712409938e-03 4.603596339286076394e-03 6.896970389378698219e-04 2.342304292207504201e-03 4.819785284112707360e-03 4.050892661033746352e-03 3.360637815800462426e-03
3.875905279178865612e+02 3.501743050226452851e+02 3.253152402884325625e+02 2.226003415445596829e+02 1.596224529654504920e+02 8.794765493954677993e+01 1.824598695063122875e+02 8.923952849913378316e+01 5.351811264851264127e+01 3.017708830181146240e+01 2.604390215661465646e+01 2.094015704817273615e+01 1.109861434260176161e+01 5.928865024602735900e+00 3.804566426235409526e+00 2.166862184213741660e+00 9.090709234868196154e-01 7.431079930696613545e-01 9.901542870789182826e-01 9.010162579350627921e-01 4.942712890337435661e-01 3.493156840955412012e-01 2.956796675672923591e-01 1.461431491476891664e-01 -4.541754435763371150e-02 -5.154421970114627521e-02 -7.624739586532791602e-02 -9.161878524839842108e-02 -1.029529429706352445e-01 -1.558023750781111806e-02 -4.739655843222287390e-02 -2.492565675396761146e-02 9.117239377717533538e-03 5.364351151282112547e-03 8.717986082576635251e-03 9.964727277073821832e-03 7.451944449470262934e-04 -4.267292041357858765e-03 2.052240017734933194e-03 -1.222406642603433456e-03 -1.424769354011625562e-03 -1.142959283065173720e-02 -5.125249206984438394e-03 -9.592586429545276253e-03 -4.991498956931055692e-03 -5.452152475437023992e-03 -6.769289624838385408e-03 -7.311647739764835438e-03 -7.849766524578012314e-03 -6.096805199173689974e-03
2.210451436075519780e+02 2.092681137386983039e+02 2.061983089323596232e+02 1.107499116451824221e+02 1.189195341487572222e+02 4.751155682139807368e+01 8.923952849913378316e+01 9.953370241021490017e+01 4.878857845670555804e+01 2.709217259356138641e+01 1.516314177260791318e+01 1.510397866861336169e+01 7.434519998205472824e+00 5.892600668540756814e+00 2.581873065131249145e+00 1.573820465081675835e+00 6.780251235822963851e-01 5.163776467080336552e-01 3.791777779118672420e-01 1.713745892475266042e-01 -1.160530591621904140e-01 -1.188944125629365495e-01 -1.451798266461357678e-01 -8.817085377555539116e-02 -2.370245475182546357e-01 -2.125410672585319460e-01 -1.353602219337744494e-01 -6.560178889676955560e-02 -9.653865284175180972e-02 -4.767551591680942169e-02 -7.209145699255910256e-02 -5.731436984752991820e-02 -2.653627946214262567e-02 -1.884944064767851007e-02 -1.111546715461796640e-02 4.037167181867939471e-03 9.112220161477423749e-04 -7.696086147414928774e-03 -2.826183931019591623e-03 -2.836402487629828030e-03 -4.307930123465714828e-03 -8.216844430731104487e-03 -5.824876797212628042e-03 -6.375379215018750663e-03 -3.369342321484492236e-03 -3.340405136440356259e-03 -3.880361512024547467e-03 -4.354507199777447705e-03 -3.152922546413183640e-03 -1.251727392980336645e-03
8.588981568166323655e+01 1.357895181102259130e+02 1.462096557374015617e+02 8.150367482897875959e+01 7.639981814110666392e+01 3.547639983126122587e+01 5.351811264851264127e+01 4.878857845670555804e+01 4.575952878267898427e+01 1.902116354118279773e+01 1.175509652127172266e+01 1.128180751123817593e+01 6.613400967252800911e+00 4.191811311011873542e+00 2.750594218074133401e+00 1.815125600459893018e+00 9.035976685791926588e-01 6.055262461340252811e-01 3.841364745430686511e-01 3.353146451710679044e-01 1.149222054232509616e-01 5.959052036561247878e-02 -6.062734391010917573e-02 -5.482563037771229220e-02 -1.556730714978422914e-01 -1.458685898554346883e-01 -6.313478184062064347e-02 -1.353003443781537751e-02 -2.852267164855856740e-02 5.851197039530793391e-03 -8.821331263540958117e-03 -8.502009335832474285e-03 -4.691267896011486194e-04 4.274079581990134109e-03 5.442402853842153061e-03 2.324639780609674872e-06 4.296756013902127379e-03 -5.467193407399582351e-03 -7.979666656068875284e-04 2.553338548983548773e-03 2.174006796472288758e-03 -2.163129281591483384e-03 -1.150181453077011575e-03 -2.380456947501780138e-03 -4.833199218854669025e-04 -7.691146538911314496e-04 -6.247149023423981848e-05 -7.142740528653491279e-04 -1.252676724320603426e-04 -1.737944761314967138e-05
1.312405964538099283e+02 8.023422054505992662e+01 8.403312476271159426e+01 4.398433900004714303e+01 4.961092793877806173e+01 2.794721449477712127e+01 3.017708830181146240e+01 2.709217259356138641e+01 1.902116354118279773e+01 2.132806613816000407e+01 1.017489961093697026e+01 8.659768572116307794e+00 5.275074629487050082e+00 2.967856660315766781e+00 1.653543684203051756e+00 7.141177907132174596e-01 6.088308323830233793e-01 1.647864922755024053e-01 1.148670270659609416e-01 2.016367290737801077e-01 8.681691066224411779e-02 2.669479189285157983e-02 -1.864865222887771706e-02 -3.786880489251563675e-02 -5.785351834950226702e-02 -5.005774663506829675e-02 -3.049440591520198238e-02 -6.230711841154963626e-02 -6.607168918829280091e-02 -3.658659154961513282e-02 -1.408387926624329184e-02 -1.815707263318472667e-03 4.443201614787144725e-03 2.151913130788857265e-03 -1.051986017012438096e-03 -2.353302993030301476e-03 -4.310850004839715185e-03 -5.636859297810727608e-03 -2.785493789711213954e-03 8.046019446023146109e-04 -1.891607956335854051e-03 -3.266251017040512628e-03 -2.373756279897114036e-03 -2.830006836135695331e-03 -9.998138363616409716e-04 -1.613668724016792443e-03 -1.573090980920001337e-03 -2.149129827511216291e-03 -1.954738072019758348e-03 -9.032527617988478580e-04
8.481084745030935323e+01 5.670116126712459703e+01 5.986995623976289949e+01 3.777208457712320921e+01 3.582491049604958988e+01 1.593254014483343894e+01 2.604390215661465646e+01 1.516314177260791318e+01 1.175509652127172266e+01 1.017489961093697026e+01 1.325496444718523037e+01 6.720651326770727074e+00 3.848544930643660766e+00 1.841106564167949822e+00 1.386951982460390420e+00 9.747369351704040508e-01 6.359715164052053282e-01 2.958435981415930005e-01 2.950831921708652050e-01 2.961305213610674891e-01 1.510226274268541002e-01 8.370922160662375155e-02 5.441654266445326155e-02 -1.679710907224764987e-03 -5.636151264364250291e-02 -3.350770281812397861e-02 -2.914857940404617237e-02 -3.848173953194298363e-02 -2.330099624410047338e-02 -1.622538595931515004e-02 -6.872647329609364933e-03 6.235617095278265902e-04 1.910177533639256364e-03 1.804140168596578839e-03 3.630446880585677574e-03 9.141386763786519751e-04 -9.981892635477257643e-04 -9.748848843617050411e-04 7.851518950895031591e-04 1.889287371209134089e-03 1.145174497701306705e-03 -1.052611651199730162e-03 -7.870924921567632382e-04 -1.844557443511988994e-03 -2.824905610298343117e-05 -3.422805532825498034e-04 -5.256215859454895986e-04 -1.305360588646518449e-03 -1.186319829310914561e-03 -8.231448684684730720e-04
8.189896499735708346e+01 5.745877446333904714e+01 4.955746688375649001e+01 3.212579055182298049e+01 2.974914843022656896e+01 1.641045653375110902e+01 2.094015704817273615e+01 1.510397866861336169e+01 1.128180751123817593e+01 8.659768572116307794e+00 6.720651326770727074e+00 7.200546660818340605e+00 3.730200510994596819e+00 2.034764516304810034e+00 1.179209566078408766e+00 5.645241702024189623e-01 3.256154059896848585e-01 1.271913766185517325e-01 1.478638236801678163e-01 1.118535158798272117e-01 2.279375572118732401e-02 9.214430243719351141e-03 -3.743821271826040104e-02 -6.905235185844452173e-02 -1.060008579621140729e-01 -7.619369313491433648e-02 -5.391849224302530663e-02 -3.068641755523727685e-02 -2.491951762450285088e-02 -2.169519992851712265e-02 -1.479655059557064695e-02 -8.883718696190022815e-03 -6.518963380842570168e-03 -2.717370623037866292e-03 2.855652801903446614e-03 5.289091999903635039e-04 -2.189451967440464355e-03 -2.931903294610772436e-03 -9.655033102066059962e-04 2.286160640631799263e-05 -8.844628593456004603e-04 -3.299229933459952874e-03 -3.225217493051883016e-03 -3.110299929731124950e-03 -1.851359604269305070e-03 -2.005693868387349674e-03 -2.110769007305518790e-03 -2.710275048464207311e-03 -2.368283707246702716e-03 -1.917587275399128960e-03
2.708948369230214936e+01 2.232052718475803488e+01 2.043892168265357157e+01 1.486924351142716816e+01 1.677490850332101147e+01 8.183140437394680333e+00 1.109861434260176161e+01 7.434519998205472824e+00 6.613400967252800911e+00 5.275074629487050082e+00 3.848544930643660766e+00 3.730200510994596819e+00 3.884362719805993347e+00 1.765540070622402702e+00 1.258609912763896777e+00 7.210259248894907991e-01 5.427960730684520119e-01 2.127600910266131684e-01 1.750429935343599530e-01 1.363761242267215734e-01 5.576898683784908828e-02 3.846765718148599522e-02 8.893893246858368754e-03 -9.086701489086516925e-03 -3.042596560632118002e-02 -2.117777616534523288e-02 -6.185672153159413669e-03 -7.782855573741505675e-03 -5.291042206332425245e-03 -1.880150187262881337e-03 4.099636619185839138e-03 5.738844751053466704e-03 1.194611192002925865e-03 1.283251038108277611e-03 5.051801294892323962e-03 1.922415131819855613e-03 -9.623243263826769317e-04 -1.846233444689854676e-03 -1.143283591431839630e-03 4.601502280351404571e-04 6.414440345019255339e-04 -1.641367158180920749e-03 -1.247533380827169601e-03 -1.479929403981999165e-03 -9.911266140742742558e-05 -6.018320903900486974e-04 -5.758922831346915223e-04 -8.112841396085159439e-04 -7.092867469151960865e-04 -6.377999274959633702e-04
7.347350890560115921e+00 4.446148678497332529e-01 8.902180639222748937e+00 2.716095178482540007e+00 6.096454650063662051e+00 2.003316025621433738e+00 5.928865024602735900e+00 5.892600668540756814e+00 4.191811311011873542e+00 2.967856660315766781e+00 1.841106564167949822e+00 2.034764516304810034e+00 1.765540070622402702e+00 1.534921649873719485e+00 8.077197697974233259e-01 4.325846672544111371e-01 3.127233498331101202e-01 1.724728308929632525e-01 1.397772486887079724e-01 1.186039486705714463e-01 4.762870001373321199e-02 2.001929891393153943e-02 -3.293725875204974417e-03 -5.381402450486001340e-03 -1.779862717388893539e-02 -1.630951245332980942e-02 -2.232866230189119519e-03 -9.012069537723437548e-04 -5.162000318080653752e-03 -5.128979608772368110e-03 -6.112754861124661352e-04 -1.244817783600129287e-03 -1.247139570374004944e-03 -1.340341303987203784e-03 1.148517884647012053e-03 1.355516412536028528e-03 5.610756813629922497e-04 -6.524334090073652002e-04 -3.959190700779850833e-04 1.618761862869659758e-04 5.266493570652651239e-05 -6.030985106907352971e-04 -5.899682646941209647e-04 -7.569335921472496349e-04 -4.095789028896580389e-06 -1.617062609995719574e-04 -1.495016252161825816e-04 -4.166567878609078648e-04 -5.314923926083718652e-04 -3.405270004757146021e-04
1.908005549622879826e+00 -8.987530491934778709e-01 9.038020994843232181e-01 4.269338473451294469e+00 3.171053305042064618e+00 -4.371016478443692788e-03 3.804566426235409526e+00 2.581873065131249145e+00 2.750594218074133401e+00 1.653543684203051756e+00 1.386951982460390420e+00 1.179209566078408766e+00 1.258609912763896777e+00 8.077197697974233259e-01 1.113919914548937129e+00 5.898328259372679350e-01 4.011115527351999943e-01 2.114892120542931908e-01 1.580369134077814763e-01 1.386784229792779044e-01 6.879302626677120946e-02 3.591888047026050440e-02 1.721310796287491354e-02 1.641177010348325929e-02 -3.446340889544384544e-04 -2.109938867156089994e-03 -3.115492338869127725e-03 -4.210052831519666208e-03 -6.741075137900834000e-03 -2.809833036507522128e-03 -1.432510602567546977e-03 3.947456359387592289e-04 -1.115944456514473149e-03 -1.608527880517238769e-03 7.608689532745874619e-04 -2.040779267103007733e-04 -1.067225271911261073e-03 -1.463653402653488549e-03 -1.301227856807348447e-03 -5.596643704529802223e-04 -3.500638769751996662e-04 -1.094676197545019127e-03 -9.262768564418931731e-04 -1.116009565241693566e-03 -6.224198226197691017e-04 -6.909514898412495720e-04 -8.806458903366792693e-04 -1.121836233863808931e-03 -1.054155955956749286e-03 -1.012923447335835033e-03
2.908623725746397604e+00 -2.109532714403829612e+00 -1.054438018420655432e+00 3.381676726007861955e+00 1.920213881324585481e+00 -1.409543989584381152e-01 2.166862184213741660e+00 1.573820465081675835e+00 1.815125600459893018e+00 7.141177907132174596e-01 9.747369351704040508e-01 5.645241702024189623e-01 7.210259248894907991e-01 4.325846672544111371e-01 5.898328259372679350e-01 6.307618373604875206e-01 3.848410830330364907e-01 2.172798410865355023e-01 1.310800367102608333e-01 1.074291928867383422e-01 4.833687167337037682e-02 2.786050283961712462e-02 7.989320487855854080e-03 4.605234844075200944e-03 -6.505697822593484170e-03 -6.380826111806085039e-04 2.745343764829055039e-03 2.066043061705135839e-03 -1.659812596055322380e-03 1.829943740118322205e-03 1.292453014836711768e-03 9.168969502563725565e-04 -5.923130260473193770e-04 -1.224961804427211797e-03 7.665229278516179703e-04 1.550806361031716518e-03 4.764369323641074730e-04 -2.315365019758882520e-04 -3.094907636638917188e-04 -1.135783359582783909e-05 2.962324543712154155e-05 -2.988128802147008481e-04 -1.997927356142112690e-04 -3.289576069146511869e-04 -8.491997019365350187e-05 -1.934314954345293242e-05 3.159700911926007784e-05 -3.189548370631831137e-05 -1.009581938241365821e-04 -2.136559767924981097e-04
2.175735856071547403e+00 -6.019538228020366866e+00 -1.432693784756342126e+00 2.162340606312461944e+00 1.339290417966675140e+00 7.567536253434486992e-02 9.090709234868196154e-01 6.780251235822963851e-01 9.035976685791926588e-01 6.088308323830233793e-01 6.359715164052053282e-01 3.256154059896848585e-01 5.427960730684520119e-01 3.127233498331101202e-01 4.011115527351999943e-01 3.848410830330364907e-01 3.689423232095940808e-01 1.936542745350698091e-01 1.244269434775887306e-01 9.926629174750381535e-02 4.335157738898362534e-02 2.821390254048960003e-02 1.260361588407765514e-02 1.067124951641554298e-02 4.377225596429197042e-03 5.542852677697373068e-03 7.394590453226860052e-03 4.204135686919521601e-03 4.422730659891270033e-04 3.000759454387740520e-03 3.645322931929214239e-03 3.723851920518441230e-03 1.962469975854879214e-03 8.570661117736181082e-04 1.991757648214530479e-03 2.162542095415513968e-03 9.006134949868109573e-04 1.185681419301291286e-04 3.041627171836689715e-04 6.125563766167266234e-04 7.368940818120611226e-04 4.003951770935963565e-04 3.637940667354913398e-04 1.223005293147763541e-04 2.791104155651593808e-04 1.962504241965833769e-04 1.479722870629500019e-04 6.352739061707173213e-05 2.559463515672727495e-05 -2.378425330400297762e-05
2.817484612251748843e-01 -2.575643894208318851e+00 -2.284085328805643744e+00 5.784340993892042038e-01 9.395987832500679593e-01 2.286646006472539405e-01 7.431079930696613545e-01 5.163776467080336552e-01 6.055262461340252811e-01 1.647864922755024053e-01 2.958435981415930005e-01 1.271913766185517325e-01 2.127600910266131684e-01 1.724728308929632525e-01 2.114892120542931908e-01 2.172798410865355023e-01 1.936542745350698091e-01 1.533953673218413638e-01 9.573475547423999921e-02 6.930255983327980596e-02 3.511820750477057801e-02 2.449081262352514193e-02 1.255087124953783648e-02 9.986108916429094554e-03 4.707357081521784670e-03 4.834332743190529295e-03 6.391261055154484789e-03 4.281882276320148929e-03 2.262292978494793820e-03 2.478083382154578664e-03 1.586147537796034042e-03 8.126799010876968252e-04 6.007414445276101564e-04 5.283055930308877069e-04 1.089463422191522344e-03 1.043303066809951650e-03 5.905662009431521427e-04 2.514199771993899418e-04 1.107179049038789108e-04 1.579267964020390617e-04 3.527297906283125245e-04 1.491211527906792760e-04 1.358654442552952447e-04 2.811523219574811748e-07 1.008985274391315635e-04 6.817802015613654931e-05 2.867510990677509978e-05 -2.825541712403690988e-05 -7.722663230953731237e-05 -9.756312835823697691e-05
3.942102750451955684e-01 -1.341654914676168264e+00 -1.177364167978674825e+00 -4.362353306079234244e-02 5.905600854274027922e-01 -4.177900834322122448e-01 9.901542870789182826e-01 3.791777779118672420e-01 3.841364745430686511e-01 1.148670270659609416e-01 2.950831921708652050e-01 1.478638236801678163e-01 1.750429935343599530e-01 1.397772486887079724e-01 1.580369134077814763e-01 1.310800367102608333e-01 1.244269434775887306e-01 9.573475547423999921e-02 9.688379575110415975e-02 6.873734767269344681e-02 3.509585941628906580e-02 2.533552119889564275e-02 1.664922841871100193e-02 1.422381999493818779e-02 1.131900843869043487e-02 9.689918117013167007e-03 6.837358643346477631e-03 3.313723806695700446e-03 2.461853484371465204e-03 2.793707061881549238e-03 2.101698002866607060e-03 1.885675017106182424e-03 1.237924576081232035e-03 8.845913206798540918e-04 1.228149744558306713e-03 1.117701932945131546e-03 6.891699590597582603e-04 6.211915372504167848e-04 3.736752083496928749e-04 2.655830067710275404e-04 4.760381333283245889e-04 3.265817988658405537e-04 2.616251317720437734e-04 1.571424715047485825e-04 2.142789964944764099e-04 2.023366136226968529e-04 6.632201453624238761e-05 3.755147044805660288e-05 -1.638911103134028894e-05 -1.454454042835253252e-05
1.236832089527702960e+00 9.507022275844365655e-01 -7.801810191178945031e-01 1.834118676726504138e-01 8.654234718772472190e-01 9.835313807091214389e-02 9.010162579350627921e-01 1.713745892475266042e-01 3.353146451710679044e-01 2.016367290737801077e-01 2.961305213610674891e-01 1.118535158798272117e-01 1.363761242267215734e-01 1.186039486705714463e-01 1.386784229792779044e-01 1.074291928867383422e-01 9.926629174750381535e-02 6.930255983327980596e-02 6.873734767269344681e-02 7.047873848279484488e-02 4.279759989636335721e-02 2.980070874863438926e-02 1.857118156858491437e-02 1.531673775572268796e-02 1.116441509171714128e-02 8.497011833176403364e-03 6.468606535752474511e-03 2.799934848106910238e-03 2.424839867724091179e-03 2.817276125016088695e-03 2.334281627766713729e-03 2.238480063802038462e-03 1.596034102161359314e-03 1.048042791081001167e-03 1.029785337557495052e-03 9.527768003263146742e-04 6.903155509731889955e-04 5.554993321721483912e-04 3.728119613196485783e-04 3.527340983064634482e-04 4.493105234261734636e-04 3.095756587459415061e-04 2.242902654760490578e-04 1.195134412117503006e-04 1.778620881184439506e-04 1.385797171300336356e-04 5.526340387164417226e-05 3.833983037625937097e-05 -3.498809053018998421e-05 -1.087403815145144950e-05
4.500150333090506272e-01 1.130174152952445610e+00 -1.560187356682959658e-01 -6.486607783346265421e-01 5.340798926977156080e-01 3.535510688711294702e-01 4.942712890337435661e-01 -1.160530591621904140e-01 1.149222054232509616e-01 8.681691066224411779e-02 1.510226274268541002e-01 2.279375572118732401e-02 5.576898683784908828e-02 4.762870001373321199e-02 6.879302626677120946e-02 4.833687167337037682e-02 4.335157738898362534e-02 3.511820750477057801e-02 3.509585941628906580e-02 4.279759989636335721e-02 4.107985375908679987e-02 3.047179171407419021e-02 2.197534964344041025e-02 1.710506221012463371e-02 1.199299515658208866e-02 9.075100630777091157e-03 7.320661694159918791e-03 2.988286758679112309e-03 3.071538153140018421e-03 2.959677382855646459e-03 2.653090785536894088e-03 2.213945712545197474e-03 1.783535392665833380e-03 1.558223665031847806e-03 1.297563085277748463e-03 9.474101616710527227e-04 7.658939534799021499e-04 6.611549700058477318e-04 5.328901982788636534e-04 4.985077461305899597e-04 5.116289258623224392e-04 4.360830897147504725e-04 3.366282491362937381e-04 2.737265851373067325e-04 2.667468387331886929e-04 1.887092230141428095e-04 1.425878319312065231e-04 1.307011244597247742e-04 6.693776623324922625e-05 9.227443535965699389e-05
6.090356346538685489e-02 1.172989024883634546e+00 -4.776561149583996579e-01 -5.841935890803886533e-01 5.224858335138580223e-01 3.691698150325931072e-01 3.493156840955412012e-01 -1.188944125629365495e-01 5.959052036561247878e-02 2.669479189285157983e-02 8.370922160662375155e-02 9.214430243719351141e-03 3.846765718148599522e-02 2.001929891393153943e-02 3.591888047026050440e-02 2.786050283961712462e-02 2.821390254048960003e-02 2.449081262352514193e-02 2.533552119889564275e-02 2.980070874863438926e-02 3.047179171407419021e-02 2.827902390358577253e-02 2.104186481141165702e-02 1.506846769080416246e-02 1.107659438421386075e-02 8.403004178789157466e-03 6.556840703915414216e-03 2.921652928300548253e-03 3.083138701479027233e-03 2.929935830853817869e-03 2.537864615904663126e-03 1.854988389579444782e-03 1.512021732787796916e-03 1.373530238132605408e-03 1.218944813697066124e-03 6.854450389333572105e-04 5.523967619600917301e-04 4.766186890223678032e-04 4.081549164451173670e-04 3.895188825280395187e-04 4.371510999652473322e-04 3.409290397789645341e-04 2.605981822667143228e-04 2.420730218590788217e-04 2.270532841223157179e-04 1.433176671657728873e-04 1.065711223905383033e-04 9.895479357533755200e-05 5.894676640039373775e-05 7.887452923247607092e-05
1.859367212076535048e-01 3.339747190686374184e-02 -3.759087782110387410e-01 -7.978974603137760635e-01 1.150526814490610422e-01 2.071708074651184561e-01 2.956796675672923591e-01 -1.451798266461357678e-01 -6.062734391010917573e-02 -1.864865222887771706e-02 5.441654266445326155e-02 -3.743821271826040104e-02 8.893893246858368754e-03 -3.293725875204974417e-03 1.721310796287491354e-02 7.989320487855854080e-03 1.260361588407765514e-02 1.255087124953783648e-02 1.664922841871100193e-02 1.857118156858491437e-02 2.197534964344041025e-02 2.104186481141165702e-02 2.137464806059960476e-02 1.572891981969050737e-02 1.167824685388223552e-02 8.464583036656758708e-03 6.137430616097194237e-03 2.348490356329593822e-03 2.425522330470216998e-03 2.409996662943144144e-03 1.971983401439068688e-03 1.420431246831043662e-03 1.342943236605736177e-03 1.281738111368809722e-03 9.799393071148192365e-04 6.142390969318514736e-04 4.837940019494704346e-04 4.989783360681959148e-04 3.744600955538106486e-04 2.814714593165171556e-04 3.472325251950620804e-04 2.857874967113739292e-04 2.199165999659035775e-04 2.155351959832235351e-04 1.917384776381154737e-04 1.263283644370132421e-04 9.857952638713347252e-05 1.060279779119875187e-04 6.930601882541791267e-05 7.750356602432365027e-05
-1.228593094980533484e-01 2.600342790724967379e-02 -1.802232489490931955e-01 -6.901046200857049451e-01 4.881641061863028347e-02 3.129838861318051668e-02 1.461431491476891664e-01 -8.817085377555539116e-02 -5.482563037771229220e-02 -3.786880489251563675e-02 -1.679710907224764987e-03 -6.905235185844452173e-02 -9.086701489086516925e-03 -5.381402450486001340e-03 1.641177010348325929e-02 4.605234844075200944e-03 1.067124951641554298e-02 9.986108916429094554e-03 1.422381999493818779e-02 1.531673775572268796e-02 1.710506221012463371e-02 1.506846769080416246e-02 1.572891981969050737e-02 1.401418066436117132e-02 1.089912179805510757e-02 7.777292268999405969e-03 5.447516721815243330e-03 2.167003519766116243e-03 1.877862884294482148e-03 1.942028368506330642e-03 1.589596984961686192e-03 1.196924956961708478e-03 1.062634885107472359e-03 9.566088166416202802e-04 6.830832781761311291e-04 4.734863548259923317e-04 4.077569151493914924e-04 4.001012917217518271e-04 2.926308298093867810e-04 2.171804193465186415e-04 2.867720499536773960e-04 2.487490953651938096e-04 1.824212532710261343e-04 1.684839360892065893e-04 1.410448526328191661e-04 9.849721853494663808e-05 7.267302220507280953e-05 7.552012091201990712e-05 5.949253818577816149e-05 6.448361712692025731e-05
-1.052825703086733622e+00 -2.509411540007435715e-01 -7.056873474657096024e-01 -7.460640098390273200e-01 -1.742417855839179519e-01 -1.674327785102228960e-01 -4.541754435763371150e-02 -2.370245475182546357e-01 -1.556730714978422914e-01 -5.785351834950226702e-02 -5.636151264364250291e-02 -1.060008579621140729e-01 -3.042596560632118002e-02 -1.779862717388893539e-02 -3.446340889544384544e-04 -6.505697822593484170e-03 4.377225596429197042e-03 4.707357081521784670e-03 1.131900843869043487e-02 1.116441509171714128e-02 1.199299515658208866e-02 1.107659438421386075e-02 1.167824685388223552e-02 1.089912179805510757e-02 1.121387313035077278e-02 8.411503573229279010e-03 5.647787913932046829e-03 2.098171070052171332e-03 1.718016059513808756e-03 1.695116825967459126e-03 1.449674584624721652e-03 1.243579088693039323e-03 9.854805109761576032e-04 7.843521771707790118e-04 5.610117275185813341e-04 4.052475409916330199e-04 3.896121993456064378e-04 4.241859406760126617e-04 3.079752043623132504e-04 2.191303634151797828e-04 2.627087207888595399e-04 2.776772892084783373e-04 2.252789036831787507e-04 2.124368100351674792e-04 1.803306656322849709e-04 1.460947063583716834e-04 1.161664513645113716e-04 1.129397814329417485e-04 9.652358711165034998e-05 9.389280622334371601e-05
-4.554713227739707326e-01 -3.922537988968204103e-02 -5.963609924679628138e-01 -5.733010855391196259e-01 -5.288860768179206445e-02 -1.169339331765588685e-01 -5.154421970114627521e-02 -2.125410672585319460e-01 -1.458685898554346883e-01 -5.005774663506829675e-02 -3.350770281812397861e-02 -7.619369313491433648e-02 -2.117777616534523288e-02 -1.630951245332980942e-02 -2.109938867156089994e-03 -6.380826111806085039e-04 5.542852677697373068e-03 4.834332743190529295e-03 9.689918117013167007e-03 8.497011833176403364e-03 9.075100630777091157e-03 8.403004178789157466e-03 8.464583036656758708e-03 7.777292268999405969e-03 8.411503573229279010e-03 7.821546230901378280e-03 5.082794987704880411e-03 2.091361389021905316e-03 1.838362758506373231e-03 1.593838517126590013e-03 1.283846430503102513e-03 1.090211911310267701e-03 7.612168659010973499e-04 6.554015333079820944e-04 5.176243969298109085e-04 4.278691472736584301e-04 3.926570865761268877e-04 4.315882547431755577e-04 3.413100968023049381e-04 2.567263471651246454e-04 2.637241161551520229e-04 2.655363831113821097e-04 2.238157931231635374e-04 2.102062898371244882e-04 1.769867488486781516e-04 1.494779647874146375e-04 1.157771862474586173e-04 1.060031749799757888e-04 9.341839703601077739e-05 9.281307729376659581e-05
-8.319834038677058619e-01 -4.033947867331308390e-01 -4.968994037872269121e-01 -6.829545191474083454e-01 -4.668005547372153924e-02 -9.089365088314831087e-02 -7.624739586532791602e-02 -1.353602219337744494e-01 -6.313478184062064347e-02 -3.049440591520198238e-02 -2.914857940404617237e-02 -5.391849224302530663e-02 -6.185672153159413669e-03 -2.232866230189119519e-03 -3.115492338869127725e-03 2.745343764829055039e-03 7.394590453226860052e-03 6.391261055154484789e-03 6.837358643346477631e-03 6.468606535752474511e-03 7.320661694159918791e-03 6.556840703915414216e-03 6.137430616097194237e-03 5.447516721815243330e-03 5.647787913932046829e-03 5.082794987704880411e-03 4.295199237334634129e-03 2.127436286750387234e-03 1.683569942537033442e-03 1.402370536422075818e-03 1.175513287239341462e-03 8.623783495355621855e-04 6.630848173986624104e-04 6.069371162505076940e-04 4.984281155543788698e-04 4.337100578210109658e-04 3.770004128829905488e-04 3.661535735662695959e-04 2.983499832313191158e-04 2.367911511790791871e-04 2.219093145674012673e-04 2.296517795802678402e-04 1.909151752997091808e-04 1.788016817002436156e-04 1.564313194443238105e-04 1.339683934471829168e-04 1.200901816088546201e-04 1.113612592244447185e-04 9.920299358117958780e-05 9.760719438770687484e-05
-8.262719686406969632e-01 -1.548401213129970422e-01 -3.038379989601944775e-01 -3.612687447939689211e-01 -1.113547412885266680e-01 -7.519142217796288830e-02 -9.161878524839842108e-02 -6.560178889676955560e-02 -1.353003443781537751e-02 -6.230711841154963626e-02 -3.848173953194298363e-02 -3.068641755523727685e-02 -7.782855573741505675e-03 -9.012069537723437548e-04 -4.210052831519666208e-03 2.066043061705135839e-03 4.204135686919521601e-03 4.281882276320148929e-03 3.313723806695700446e-03 2.799934848106910238e-03 2.988286758679112309e-03 2.921652928300548253e-03 2.348490356329593822e-03 2.167003519766116243e-03 2.098171070052171332e-03 2.091361389021905316e-03 2.127436286750387234e-03 2.051928257809311398e-03 1.596896237291131181e-03 1.103178124693690284e-03 7.975098690234472352e-04 5.398149284860045581e-04 3.377816712776779179e-04 3.334771992007055106e-04 3.054224250703433080e-04 2.721450475172964710e-04 2.617108925857963039e-04 2.503407499579880097e-04 2.003915360875708324e-04 1.587768656735555296e-04 1.565767231946303879e-04 1.512760911358094768e-04 1.212358783568629112e-04 1.193639632879515912e-04 9.499908954816353799e-05 8.370822239450490345e-05 7.832283995970922214e-05 6.955559052453201823e-05 6.860300893412684222e-05 6.180572448604320149e-05
-5.777847571369292279e-01 1.689653623073834043e-01 -1.552551149479813875e-01 -3.063495863298381083e-01 -4.612493409420585083e-02 -4.132927186215219761e-02 -1.029529429706352445e-01 -9.653865284175180972e-02 -2.852267164855856740e-02 -6.607168918829280091e-02 -2.330099624410047338e-02 -2.491951762450285088e-02 -5.291042206332425245e-03 -5.162000318080653752e-03 -6.741075137900834000e-03 -1.659812596055322380e-03 4.422730659891270033e-04 2.262292978494793820e-03 2.461853484371465204e-03 2.424839867724091179e-03 3.071538153140018421e-03 3.083138701479027233e-03 2.425522330470216998e-03 1.877862884294482148e-03 1.718016059513808756e-03 1.838362758506373231e-03 1.683569942537033442e-03 1.596896237291131181e-03 1.803924105763933137e-03 1.144174219970843596e-03 7.719625486347895691e-04 4.920615421322215109e-04 2.930705992294154751e-04 3.248080221068284099e-04 2.880579192439382762e-04 2.234175098020228139e-04 2.329183277893882517e-04 2.432453576489722932e-04 1.878446818662404447e-04 1.499519830038500328e-04 1.640865890706642914e-04 1.497404502908249852e-04 1.238266424573658477e-04 1.173770264612706318e-04 9.442679882504905733e-05 7.752127496696833498e-05 7.330887028285716937e-05 6.721823116754581840e-05 6.337774031731161764e-05 6.046424308231397116e-05
-2.084482244743280921e-01 2.213595074845953192e-01 1.548826868849099113e-02 -1.747915885304854033e-01 -5.003191796196177279e-03 2.340869903057855514e-02 -1.558023750781111806e-02 -4.767551591680942169e-02 5.851197039530793391e-03 -3.658659154961513282e-02 -1.622538595931515004e-02 -2.169519992851712265e-02 -1.880150187262881337e-03 -5.128979608772368110e-03 -2.809833036507522128e-03 1.829943740118322205e-03 3.000759454387740520e-03 2.478083382154578664e-03 2.793707061881549238e-03 2.817276125016088695e-03 2.959677382855646459e-03 2.929935830853817869e-03 2.409996662943144144e-03 1.942028368506330642e-03 1.695116825967459126e-03 1.593838517126590013e-03 1.402370536422075818e-03 1.103178124693690284e-03 1.144174219970843596e-03 1.127925276197592466e-03 8.577298122332909338e-04 5.765574647240926526e-04 3.687896512373272577e-04 3.322293640873427061e-04 2.973105657787195673e-04 2.347465177279587625e-04 2.031573401811530288e-04 1.944118785685606144e-04 1.836541674360767226e-04 1.494809648779008699e-04 1.444440496969667852e-04 1.242190459188456414e-04 1.140839343408207353e-04 1.102615125327826608e-04 9.415203995560252265e-05 8.508848357322766707e-05 7.638412272070510458e-05 7.386715304674368386e-05 6.656931529245729590e-05 6.552084334270693059e-05
-2.934453829357301369e-01 -3.108267706159778890e-02 4.694756876472443163e-02 -1.990445852379583991e-01 2.241665427686899675e-03 3.006433298837765666e-02 -4.739655843222287390e-02 -7.209145699255910256e-02 -8.821331263540958117e-03 -1.408387926624329184e-02 -6.872647329609364933e-03 -1.479655059557064695e-02 4.099636619185839138e-03 -6.112754861124661352e-04 -1.432510602567546977e-03 1.292453014836711768e-03 3.645322931929214239e-03 1.586147537796034042e-03 2.101698002866607060e-03 2.334281627766713729e-03 2.653090785536894088e-03 2.537864615904663126e-03 1.971983401439068688e-03 1.589596984961686192e-03 1.449674584624721652e-03 1.283846430503102513e-03 1.175513287239341462e-03 7.975098690234472352e-04 7.719625486347895691e-04 8.577298122332909338e-04 9.256759747681501385e-04 6.272004694013254928e-04 3.830069529837540018e-04 3.120297062751448852e-04 2.848978088661776437e-04 1.932138038375318513e-04 1.582662828673310994e-04 1.505422774427972617e-04 1.621323220552984168e-04 1.374610584742424742e-04 1.243178829576879578e-04 1.120609714907510663e-04 1.052137666541172489e-04 9.968952306156484604e-05 8.723726397140450035e-05 8.004534704347441264e-05 6.805246761020555314e-05 6.480590342023594607e-05 6.053604516493407342e-05 6.037571245948129416e-05
