3.465265294299597736e+04 2.341586357912919630e+04 1.948260524665928824e+04 1.623303519771972424e+04 1.218783011473467559e+04 9.490437707098311876e+03 7.144459888450485778e+03 5.290980528667168073e+03 4.002111444678895168e+03 3.043956600331536720e+03 2.302452746958566422e+03 1.674879359927547057e+03 1.238383427965315377e+03 9.063722693723696011e+02 6.393882732733578678e+02 4.798062682795948035e+02 3.411293910093952491e+02 2.389527886663241816e+02 1.669527701838735823e+02 1.098008720552834490e+02 7.827536678710887941e+01 5.276735959694382672e+01 3.652513194850477163e+01 2.412578416230465450e+01 1.914025350329447051e+01 1.711373918716479992e+01 1.374189211088152085e+01 1.127837587333681846e+01 1.025182704246187448e+01 8.919459931485732795e+00 7.511856923296496014e+00 6.317604689287174224e+00 5.237589925158320447e+00 4.710313385954695953e+00 4.306839486068869682e+00 3.710200884278493483e+00 3.541023154673294204e+00 3.310562344943457358e+00 3.209334612626475014e+00 2.968796104063853747e+00 2.663497865296885703e+00 2.574354207766681224e+00 2.518160359221893962e+00 2.490587600662481638e+00 2.325550069751359583e+00 2.185247396799926634e+00 2.030038433134789599e+00 1.892270362116595273e+00 1.762638191921142683e+00 1.664198245447768620e+00
2.341586357912919630e+04 1.918641585651488276e+04 1.474276959834547779e+04 1.192222993754817435e+04 9.182351236318714655e+03 6.978533918871738933e+03 5.310709830207877530e+03 3.927093923229163011e+03 3.016710686260852071e+03 2.220870168046980780e+03 1.686447908050692376e+03 1.226897406352210737e+03 9.130511304906300438e+02 6.610613014532361831e+02 4.663253318028972103e+02 3.490162196138807076e+02 2.431579354563316429e+02 1.731320533142914257e+02 1.212390470648956153e+02 8.050119819718113945e+01 5.843700780835958852e+01 4.009148704494615600e+01 2.695472350615871804e+01 1.798264784362224233e+01 1.486650058536328878e+01 1.320689674412271231e+01 1.055631795097812109e+01 8.934510973684387736e+00 8.322656485391838999e+00 7.135825807610141069e+00 5.870397735560994867e+00 4.843559224951361486e+00 3.922848687657538136e+00 3.464760459289828898e+00 3.205759045046602917e+00 2.710553634547340440e+00 2.688888592367918662e+00 2.515356722698280034e+00 2.406426937399646082e+00 2.207664226422379361e+00 1.978456388349639550e+00 1.899859950684791077e+00 1.846122971571699800e+00 1.815506177192361292e+00 1.669541363207539986e+00 1.548597006000864251e+00 1.442531121901734492e+00 1.337798341139424529e+00 1.263647919780516160e+00 1.186112989618284486e+00
1.948260524665928824e+04 1.474276959834547779e+04 1.311098136230738419e+04 9.975164219060879987e+03 7.569645340232891613e+03 5.718887694775942691e+03 4.471778955649981071e+03 3.315840297565181118e+03 2.550275537000899021e+03 1.872691604892039322e+03 1.420078507769028420e+03 1.028617409867407105e+03 7.643222758531771888e+02 5.603660580540063165e+02 3.915684784765317659e+02 2.917086994841621959e+02 2.063836678088168810e+02 1.441162274884152623e+02 1.008296459830228713e+02 6.553419848550171878e+01 4.740756905356560225e+01 3.176793526307563553e+01 2.182877441836611609e+01 1.461256271352336356e+01 1.168773129666172750e+01 1.018806011107987075e+01 8.462361230486591168e+00 7.159313278212406928e+00 6.528317253295561784e+00 5.704792862659977537e+00 4.879417795418410364e+00 4.043387345592970306e+00 3.273647082442698419e+00 2.895514496777983116e+00 2.671404943668941989e+00 2.254442840213685795e+00 2.215541797270924373e+00 2.062211244215184980e+00 1.994856444205768131e+00 1.827812149261579755e+00 1.643340992344243912e+00 1.595530298290408711e+00 1.567386891287897654e+00 1.537124745426760475e+00 1.414796403145112347e+00 1.322564558117924394e+00 1.229814573633394970e+00 1.136229853511143473e+00 1.071064689022227956e+00 1.006756471178333667e+00
1.623303519771972424e+04 1.192222993754817435e+04 9.975164219060879987e+03 8.614119072314600999e+03 6.185785313519789270e+03 4.785011243842880504e+03 3.652013994415242905e+03 2.687291301961201043e+03 2.071595235425955707e+03 1.524906543922962101e+03 1.164716391525059862e+03 8.439818538668505425e+02 6.305331235919624078e+02 4.593201506069949573e+02 3.284290232064130919e+02 2.453096311567705357e+02 1.739691994158712305e+02 1.216081200581908348e+02 8.430220855989671236e+01 5.516710301157592511e+01 3.868693804562919780e+01 2.600656795643990193e+01 1.749555225123377511e+01 1.153741345068211466e+01 9.355414515246165408e+00 8.177279041199774667e+00 6.491405492562600799e+00 5.623546585272844567e+00 5.046804095836494142e+00 4.357225019294234336e+00 3.698259087754909302e+00 3.127325215096489863e+00 2.497806982260725395e+00 2.233824634234186313e+00 2.062046606309317465e+00 1.742770041207605924e+00 1.725676397849312149e+00 1.588488312396433955e+00 1.564848336756022418e+00 1.444187007891598595e+00 1.309432748303349880e+00 1.263354103132343642e+00 1.247873227255968054e+00 1.232951869675866563e+00 1.150643535276790974e+00 1.074153881135775812e+00 9.971041229858897958e-01 9.229366583060740759e-01 8.677209827269477538e-01 8.108163767358347318e-01
1.218783011473467559e+04 9.182351236318714655e+03 7.569645340232891613e+03 6.185785313519789270e+03 4.922240751162747074e+03 3.647776427724169480e+03 2.764192976845907651e+03 2.073283942507181564e+03 1.586277882494053756e+03 1.173106476481814525e+03 8.906557701650333456e+02 6.455663973262676336e+02 4.841179272767962516e+02 3.525215967410391045e+02 2.491514195385883568e+02 1.858123723964057490e+02 1.318707374876951519e+02 9.281806794784881731e+01 6.466063621735959543e+01 4.250092368471908344e+01 3.033886411718290788e+01 2.070898138736446370e+01 1.402026418040953359e+01 9.321107546823924395e+00 7.518603489612312174e+00 6.595709974435584044e+00 5.420504792948120709e+00 4.465370328358408969e+00 4.057517023940340195e+00 3.471220620503356447e+00 2.985601006387291090e+00 2.467782647269332053e+00 1.994102947732264264e+00 1.813490187718339142e+00 1.687689391903859581e+00 1.402145567428719541e+00 1.370540056467032475e+00 1.275411278234107160e+00 1.236447265243555860e+00 1.131358592790528306e+00 1.014899204705923097e+00 9.783888851197922731e-01 9.623560613098560701e-01 9.427758661988789868e-01 8.791392805149488288e-01 8.150633126699978748e-01 7.609606274746725241e-01 7.054461636306283978e-01 6.615840931279217685e-01 6.229212170779998559e-01
9.490437707098311876e+03 6.978533918871738933e+03 5.718887694775942691e+03 4.785011243842880504e+03 3.647776427724169480e+03 2.913157416487410956e+03 2.106401072872526129e+03 1.562823271831819056e+03 1.207011426104068278e+03 8.991317547905924812e+02 6.794112004171806802e+02 4.940290802470394738e+02 3.709161248156967190e+02 2.706460709887130065e+02 1.907165054775656188e+02 1.423829839505218615e+02 1.012663422958145958e+02 7.146232980933329770e+01 4.926123306982370309e+01 3.242104234038437482e+01 2.348664007627110806e+01 1.599820209012250949e+01 1.095464813017467876e+01 7.213398549722442432e+00 5.776392275299948587e+00 5.037648607577318138e+00 4.148616208298051333e+00 3.469394121799165287e+00 3.135509251863300761e+00 2.716450094182357056e+00 2.334112380308041690e+00 1.937319057982250126e+00 1.583367322512203579e+00 1.431860533467977037e+00 1.294777341314943042e+00 1.076029743918500037e+00 1.054815823444029466e+00 9.829898751902268472e-01 9.589204786357237165e-01 8.782405902618873883e-01 7.889557926326881132e-01 7.644951932907826375e-01 7.484830940294198154e-01 7.360859004932925886e-01 6.863702564285816266e-01 6.382194993965801810e-01 5.972902717006228768e-01 5.563340293137677417e-01 5.198651982360137369e-01 4.871283796103152430e-01
7.144459888450485778e+03 5.310709830207877530e+03 4.471778955649981071e+03 3.652013994415242905e+03 2.764192976845907651e+03 2.106401072872526129e+03 1.695527356553896880e+03 1.224659120508607202e+03 9.321127276129475376e+02 6.841952183901101989e+02 5.237037979432570864e+02 3.789941338698802156e+02 2.831491484497907436e+02 2.075693369756490938e+02 1.468198322083314054e+02 1.090626052594302706e+02 7.677076347530942257e+01 5.418956803310103965e+01 3.825328256128916138e+01 2.514821474084364183e+01 1.786170291298391533e+01 1.208840728359396444e+01 8.378245608492962404e+00 5.533791087612448756e+00 4.430885519278838558e+00 3.850293889322503826e+00 3.159153633897537894e+00 2.616041574984121709e+00 2.309464566498374616e+00 2.024618053050863065e+00 1.693610172456480711e+00 1.416622044469378672e+00 1.180222571937052711e+00 1.045391947617842154e+00 9.572489705212067213e-01 8.139160906797138217e-01 7.925303843339386312e-01 7.384396638081823783e-01 7.135067278691169523e-01 6.501332235831009942e-01 5.854820496321295753e-01 5.631429071255169561e-01 5.548246344806275765e-01 5.405977478394059510e-01 5.043452060936128856e-01 4.712425536500530199e-01 4.383572133140800631e-01 4.055892028402790506e-01 3.800662496593904538e-01 3.563650913207646598e-01
5.290980528667168073e+03 3.927093923229163011e+03 3.315840297565181118e+03 2.687291301961201043e+03 2.073283942507181564e+03 1.562823271831819056e+03 1.224659120508607202e+03 9.506862810317697949e+02 7.079040892955028994e+02 5.173972088080174672e+02 3.882371627779870096e+02 2.834710144922324275e+02 2.112781156864378431e+02 1.569762904753332009e+02 1.096812775611097805e+02 8.178453106006239182e+01 5.754969653276253183e+01 4.062374635274701262e+01 2.832977163591914405e+01 1.833631282363733561e+01 1.291304746166565565e+01 8.691894584956100900e+00 5.918314083205959086e+00 3.961536321338711364e+00 3.135362055819368887e+00 2.720957163899307751e+00 2.285810387200441607e+00 1.964643673007322233e+00 1.722882108992188854e+00 1.486730477155531860e+00 1.240170657555822231e+00 1.033978478640616760e+00 8.595164364574643390e-01 7.694410379155900426e-01 7.048019018559599225e-01 6.085757144124489537e-01 5.952945670269867984e-01 5.488467085006653035e-01 5.325468157604470454e-01 4.866462419527050609e-01 4.360003417084206689e-01 4.229754699971016163e-01 4.150019346421894850e-01 4.070230731509257849e-01 3.791153353205259369e-01 3.547622753751841773e-01 3.309296490288241022e-01 3.057613577130744997e-01 2.881110033876816412e-01 2.713455851878233682e-01
4.002111444678895168e+03 3.016710686260852071e+03 2.550275537000899021e+03 2.071595235425955707e+03 1.586277882494053756e+03 1.207011426104068278e+03 9.321127276129475376e+02 7.079040892955028994e+02 5.550864045315869362e+02 3.981381100467856413e+02 3.003223286202392046e+02 2.188432305070832911e+02 1.643619000094987257e+02 1.210995143642978604e+02 8.572019324638792170e+01 6.388973647634448838e+01 4.492765367518581598e+01 3.168915014682657727e+01 2.205635988343437504e+01 1.440560319277432555e+01 1.018959463135371557e+01 6.874580604811249884e+00 4.623110964114972354e+00 3.074888944487778275e+00 2.449524913198450005e+00 2.117686150133127665e+00 1.804863312769690031e+00 1.553103499846430591e+00 1.374154944476954077e+00 1.193890455341920731e+00 1.005461760283454797e+00 8.311678398548112412e-01 6.786705880245466060e-01 6.102867557874244175e-01 5.609969496779720899e-01 4.700962976076730748e-01 4.661832733816995145e-01 4.279898237841552322e-01 4.152234037045428039e-01 3.819352229673541044e-01 3.430059277084503977e-01 3.321905501051347631e-01 3.253809009920440865e-01 3.175028604282644218e-01 2.961616753093025411e-01 2.769171773627965849e-01 2.591133698593241497e-01 2.397672166879498135e-01 2.256250933701468009e-01 2.120435323487778190e-01
3.043956600331536720e+03 2.220870168046980780e+03 1.872691604892039322e+03 1.524906543922962101e+03 1.173106476481814525e+03 8.991317547905924812e+02 6.841952183901101989e+02 5.173972088080174672e+02 3.981381100467856413e+02 3.033797209916488669e+02 2.248075608962800516e+02 1.629864409417533295e+02 1.227952303875810856e+02 8.986806441266320178e+01 6.334124389602237670e+01 4.688264976038611564e+01 3.335755328005507891e+01 2.325341161525011202e+01 1.621964052913388699e+01 1.067279588841459770e+01 7.579695484633882430e+00 5.100207917161527327e+00 3.467645461750103575e+00 2.288254941496838946e+00 1.879239495758048939e+00 1.637551536953428810e+00 1.364949148571150017e+00 1.108466556120746294e+00 9.824127456806414083e-01 8.500152933312534742e-01 7.427863442290031371e-01 6.269232659891834647e-01 5.121719388259772243e-01 4.542386108060471051e-01 4.129596151738731957e-01 3.479042950303208870e-01 3.420165554439077993e-01 3.179018047195119046e-01 3.070062699552035257e-01 2.836685659030825923e-01 2.523954678867188495e-01 2.456387518269719794e-01 2.403322633625100402e-01 2.358266457241152692e-01 2.200480095329225005e-01 2.049448872941448674e-01 1.915049031053651096e-01 1.769983028504421296e-01 1.660387367621299903e-01 1.564207310387901451e-01
2.302452746958566422e+03 1.686447908050692376e+03 1.420078507769028420e+03 1.164716391525059862e+03 8.906557701650333456e+02 6.794112004171806802e+02 5.237037979432570864e+02 3.882371627779870096e+02 3.003223286202392046e+02 2.248075608962800516e+02 1.765578333319138835e+02 1.242317306165730315e+02 9.318125645477303465e+01 6.799144990723338822e+01 4.832513927547336152e+01 3.603611884132081400e+01 2.551583063440902066e+01 1.782484350570467058e+01 1.253733303753360318e+01 8.257764131119456508e+00 5.840689226398465550e+00 3.934243281509396617e+00 2.698331993027543341e+00 1.763510041087240410e+00 1.416970657527100830e+00 1.248494783710183409e+00 1.032144212379908499e+00 8.499417869400659464e-01 7.695476351703851581e-01 6.541074210395732003e-01 5.661459240543506022e-01 4.752281851823438874e-01 3.875683025526472369e-01 3.468211548933872734e-01 3.183847017913920552e-01 2.659623078193323331e-01 2.619314535488709850e-01 2.451770138471805749e-01 2.362401380630680392e-01 2.175493265049980307e-01 1.950421587971094550e-01 1.889551769960557404e-01 1.845434564275038325e-01 1.805510471205148126e-01 1.691275362325817544e-01 1.578451061026642233e-01 1.475218685015640685e-01 1.366558648906351092e-01 1.279657273725847977e-01 1.204548569785186679e-01
1.674879359927547057e+03 1.226897406352210737e+03 1.028617409867407105e+03 8.439818538668505425e+02 6.455663973262676336e+02 4.940290802470394738e+02 3.789941338698802156e+02 2.834710144922324275e+02 2.188432305070832911e+02 1.629864409417533295e+02 1.242317306165730315e+02 9.163566387197116114e+01 6.790958380698280905e+01 4.953070069741657733e+01 3.483593797207294074e+01 2.574564371510581395e+01 1.819914739278758731e+01 1.274560259678134244e+01 8.955768078741197513e+00 5.825446905101319572e+00 4.120574780789219460e+00 2.783912173365848730e+00 1.872571758102095085e+00 1.205117680624887777e+00 9.585425036115139408e-01 8.534861526963318790e-01 7.134834219719514703e-01 6.130162735917421557e-01 5.515822764346645091e-01 4.654713653802955431e-01 4.016058407268280339e-01 3.366045042114902963e-01 2.727913993443388807e-01 2.463949748720174748e-01 2.295938453675892554e-01 1.918263352012309353e-01 1.871517744519560489e-01 1.745050656825139213e-01 1.692819978407758275e-01 1.553685693033760584e-01 1.384051945019505181e-01 1.331950180764663039e-01 1.303080960887136042e-01 1.278347463301043319e-01 1.195959167525690175e-01 1.117855490464246121e-01 1.041467216083725028e-01 9.601024050347438388e-02 9.014982789511485906e-02 8.490453331024264139e-02
1.238383427965315377e+03 9.130511304906300438e+02 7.643222758531771888e+02 6.305331235919624078e+02 4.841179272767962516e+02 3.709161248156967190e+02 2.831491484497907436e+02 2.112781156864378431e+02 1.643619000094987257e+02 1.227952303875810856e+02 9.318125645477303465e+01 6.790958380698280905e+01 5.273735429340656822e+01 3.792278186241554039e+01 2.691614415851181263e+01 1.991451829418497610e+01 1.416047439326465174e+01 9.834801856011445409e+00 6.888639587529267416e+00 4.496236279382508805e+00 3.176129090769558072e+00 2.149335795467775867e+00 1.457715527406201916e+00 9.587623464859054145e-01 7.771428099611573659e-01 6.840996889653674362e-01 5.768940687939553280e-01 4.809642455484494095e-01 4.316937958721416835e-01 3.673224396824343874e-01 3.180062458951951609e-01 2.658868883859965004e-01 2.116043248469443305e-01 1.898341239228028832e-01 1.766377916533496406e-01 1.468359108464704077e-01 1.424539428996139390e-01 1.326032531057066421e-01 1.275286492984063491e-01 1.177220592976452179e-01 1.061358618061208625e-01 1.018429267535949090e-01 9.983626930510067221e-02 9.802247569477180733e-02 9.189346795923153399e-02 8.557922589454604323e-02 8.005683792249990161e-02 7.449382744877702800e-02 7.007484593562225694e-02 6.597673039332056788e-02
9.063722693723696011e+02 6.610613014532361831e+02 5.603660580540063165e+02 4.593201506069949573e+02 3.525215967410391045e+02 2.706460709887130065e+02 2.075693369756490938e+02 1.569762904753332009e+02 1.210995143642978604e+02 8.986806441266320178e+01 6.799144990723338822e+01 4.953070069741657733e+01 3.792278186241554039e+01 2.829977400879660721e+01 1.980158449251097252e+01 1.464376347450083848e+01 1.038917087189074451e+01 7.289600212223707132e+00 5.106003780986049456e+00 3.346167765794767934e+00 2.351125322084886449e+00 1.575775164470726741e+00 1.063654627141524589e+00 7.085083251661199455e-01 5.770694205182435033e-01 5.031702596771615577e-01 4.259908678787441838e-01 3.589783252374011968e-01 3.166693509488343605e-01 2.673745048625733034e-01 2.312405319867159303e-01 1.909329065059432451e-01 1.539579458262238798e-01 1.376890377235238661e-01 1.280007818577567902e-01 1.082419130171475286e-01 1.060727193751719866e-01 9.807166552676947757e-02 9.461020266037586945e-02 8.673865607035022296e-02 7.784342012454294191e-02 7.557551592770489490e-02 7.396328797392201504e-02 7.243600933225485816e-02 6.769664112339457418e-02 6.320452714974417185e-02 5.900316703460022072e-02 5.472511979891482581e-02 5.124406512918167067e-02 4.822500755115069482e-02
6.393882732733578678e+02 4.663253318028972103e+02 3.915684784765317659e+02 3.284290232064130919e+02 2.491514195385883568e+02 1.907165054775656188e+02 1.468198322083314054e+02 1.096812775611097805e+02 8.572019324638792170e+01 6.334124389602237670e+01 4.832513927547336152e+01 3.483593797207294074e+01 2.691614415851181263e+01 1.980158449251097252e+01 1.459542673525807466e+01 1.067275713817030791e+01 7.551900749275498370e+00 5.264073174444146908e+00 3.684554452008649061e+00 2.427308171469793496e+00 1.708469591198613191e+00 1.143240103273088781e+00 7.751852761278338333e-01 5.223237104312230539e-01 4.232754308814562494e-01 3.693939847707785606e-01 3.037900350270260619e-01 2.535655931088598436e-01 2.232477149128031524e-01 1.912682120714565837e-01 1.644327277857521585e-01 1.376986682704701703e-01 1.095889909955193031e-01 9.741301880262612234e-02 9.137822360819615464e-02 7.601904116228169750e-02 7.399505014563924343e-02 6.922565291254710595e-02 6.657605459951246307e-02 6.123829449588975155e-02 5.508968472615782125e-02 5.329800161038595468e-02 5.228641721801474684e-02 5.125612212065518147e-02 4.789548081914967587e-02 4.468032313396593652e-02 4.154295109663957292e-02 3.856021505038018105e-02 3.615587572537584671e-02 3.403880807226981886e-02
4.798062682795948035e+02 3.490162196138807076e+02 2.917086994841621959e+02 2.453096311567705357e+02 1.858123723964057490e+02 1.423829839505218615e+02 1.090626052594302706e+02 8.178453106006239182e+01 6.388973647634448838e+01 4.688264976038611564e+01 3.603611884132081400e+01 2.574564371510581395e+01 1.991451829418497610e+01 1.464376347450083848e+01 1.067275713817030791e+01 8.162249775779480743e+00 5.727603292554316106e+00 3.984442728543730272e+00 2.759169074332113336e+00 1.816277897575760747e+00 1.268461874921957389e+00 8.510193590670458441e-01 5.712397324131173182e-01 3.805126058139491896e-01 3.066088305310337714e-01 2.719459409042994102e-01 2.289404910603940746e-01 1.921726422512229082e-01 1.684088965545466332e-01 1.453399415005068585e-01 1.240707052496167750e-01 1.024413267470077049e-01 8.129702885085504649e-02 7.238777838671592302e-02 6.822129802445527080e-02 5.830093290134261141e-02 5.625676527893549300e-02 5.225251422403077300e-02 5.018550397290010706e-02 4.602762224876523478e-02 4.131458626840020520e-02 4.015919317586627568e-02 3.932517694567004563e-02 3.864809547696647363e-02 3.613915173377737350e-02 3.396647236055528457e-02 3.190453164612117032e-02 2.981228355198382515e-02 2.793117627430270061e-02 2.631050181633987767e-02
3.411293910093952491e+02 2.431579354563316429e+02 2.063836678088168810e+02 1.739691994158712305e+02 1.318707374876951519e+02 1.012663422958145958e+02 7.677076347530942257e+01 5.754969653276253183e+01 4.492765367518581598e+01 3.335755328005507891e+01 2.551583063440902066e+01 1.819914739278758731e+01 1.416047439326465174e+01 1.038917087189074451e+01 7.551900749275498370e+00 5.727603292554316106e+00 4.159023338808041537e+00 2.866814588490568028e+00 1.990827332268929384e+00 1.312118849635596440e+00 9.091224099481323151e-01 6.130296891674704707e-01 4.123588236271559238e-01 2.771380236589134349e-01 2.265026083518474342e-01 1.993175421228578492e-01 1.673745590736464006e-01 1.382750448031886403e-01 1.206862346292089522e-01 1.043698313687919793e-01 9.051439905631665506e-02 7.548179976077873388e-02 5.970727092691918009e-02 5.304161285966894901e-02 4.969095754800920833e-02 4.235995853273088335e-02 4.036982406761711883e-02 3.715720576325189095e-02 3.611605408640457954e-02 3.328679142974495103e-02 2.999281783604512697e-02 2.912428191276895603e-02 2.840275612539281194e-02 2.780413260444609611e-02 2.596043345683131387e-02 2.436490460064767716e-02 2.279320683455307583e-02 2.128684229992055393e-02 1.991494390799442710e-02 1.875747536840741136e-02
2.389527886663241816e+02 1.731320533142914257e+02 1.441162274884152623e+02 1.216081200581908348e+02 9.281806794784881731e+01 7.146232980933329770e+01 5.418956803310103965e+01 4.062374635274701262e+01 3.168915014682657727e+01 2.325341161525011202e+01 1.782484350570467058e+01 1.274560259678134244e+01 9.834801856011445409e+00 7.289600212223707132e+00 5.264073174444146908e+00 3.984442728543730272e+00 2.866814588490568028e+00 2.035795992662196241e+00 1.410437140736735984e+00 9.239364558203662092e-01 6.438772172749447353e-01 4.350691674479207349e-01 2.934170866329997018e-01 1.979068593068470661e-01 1.613691337844241347e-01 1.410990196373528016e-01 1.190381491993188628e-01 9.885542585015934247e-02 8.679134300007400327e-02 7.413228768140008029e-02 6.289689739386833400e-02 5.141851787937447987e-02 4.131154457221324072e-02 3.715096936928233978e-02 3.460525861185619056e-02 2.927181549801849761e-02 2.832572250782987994e-02 2.625711268902954434e-02 2.526134353025821441e-02 2.311712051616762742e-02 2.090184083573760551e-02 2.030995671884981008e-02 1.980310078296788553e-02 1.937141767613481322e-02 1.810644625959710596e-02 1.696788471650741842e-02 1.582386197132686773e-02 1.477137652061243089e-02 1.377709453069277633e-02 1.296349992533056376e-02
1.669527701838735823e+02 1.212390470648956153e+02 1.008296459830228713e+02 8.430220855989671236e+01 6.466063621735959543e+01 4.926123306982370309e+01 3.825328256128916138e+01 2.832977163591914405e+01 2.205635988343437504e+01 1.621964052913388699e+01 1.253733303753360318e+01 8.955768078741197513e+00 6.888639587529267416e+00 5.106003780986049456e+00 3.684554452008649061e+00 2.759169074332113336e+00 1.990827332268929384e+00 1.410437140736735984e+00 1.014988006717914892e+00 6.663399368299799397e-01 4.605895335507949606e-01 3.120352485040908119e-01 2.127992216036471429e-01 1.458208492973169790e-01 1.206461279888390442e-01 1.048291136098634946e-01 8.539107023228471871e-02 6.923818986477069115e-02 6.136152448545399013e-02 5.290133926462160102e-02 4.484890627090660359e-02 3.713920591099692525e-02 2.966997811467736446e-02 2.627619715080102211e-02 2.455834540582161468e-02 2.073253301191139986e-02 1.994127108056232417e-02 1.857674891644185700e-02 1.773249636535770279e-02 1.611830112290116301e-02 1.459802472950651187e-02 1.416115265019491504e-02 1.372230432049203162e-02 1.342052923474257309e-02 1.253010533188717544e-02 1.174140107584057888e-02 1.082284101203082570e-02 1.009150062363919735e-02 9.412208863071508391e-03 8.861290224350466121e-03
1.098008720552834490e+02 8.050119819718113945e+01 6.553419848550171878e+01 5.516710301157592511e+01 4.250092368471908344e+01 3.242104234038437482e+01 2.514821474084364183e+01 1.833631282363733561e+01 1.440560319277432555e+01 1.067279588841459770e+01 8.257764131119456508e+00 5.825446905101319572e+00 4.496236279382508805e+00 3.346167765794767934e+00 2.427308171469793496e+00 1.816277897575760747e+00 1.312118849635596440e+00 9.239364558203662092e-01 6.663399368299799397e-01 4.578373105763361983e-01 3.189270346537369516e-01 2.159673741444456396e-01 1.462745025552108225e-01 1.004342310652399928e-01 8.255250019528408145e-02 7.127339929423084919e-02 5.804186853467840912e-02 4.602275242127973343e-02 4.105822369215690604e-02 3.569784319577697096e-02 3.029904976711598683e-02 2.526656190736781271e-02 2.015648905555631962e-02 1.763618587114029745e-02 1.630685538799615808e-02 1.374641459549311162e-02 1.327810840025002437e-02 1.233906062970220943e-02 1.174631137830794980e-02 1.073454226859163127e-02 9.712672339860582704e-03 9.425223895864693127e-03 9.103480418834228316e-03 8.890687119243068093e-03 8.325480534080271014e-03 7.758456364321608852e-03 7.166739247586897260e-03 6.681550274970382043e-03 6.199014808558663686e-03 5.836012286637080188e-03
7.827536678710887941e+01 5.843700780835958852e+01 4.740756905356560225e+01 3.868693804562919780e+01 3.033886411718290788e+01 2.348664007627110806e+01 1.786170291298391533e+01 1.291304746166565565e+01 1.018959463135371557e+01 7.579695484633882430e+00 5.840689226398465550e+00 4.120574780789219460e+00 3.176129090769558072e+00 2.351125322084886449e+00 1.708469591198613191e+00 1.268461874921957389e+00 9.091224099481323151e-01 6.438772172749447353e-01 4.605895335507949606e-01 3.189270346537369516e-01 2.373171053292149058e-01 1.625594959322188005e-01 1.125581601199814180e-01 7.755764081480973071e-02 6.227687150414759620e-02 5.313672806153353634e-02 4.348185142548521842e-02 3.330534701363352390e-02 3.009239824853429668e-02 2.597036558097709155e-02 2.225608262857720759e-02 1.850826039503453840e-02 1.491334740941162827e-02 1.323817904922977226e-02 1.206734093928407345e-02 9.984027075358120271e-03 9.671843504001808450e-03 9.013203211731846479e-03 8.528651459548968264e-03 7.786054208056839704e-03 7.051129880833878656e-03 6.838883009083008245e-03 6.592237767024936544e-03 6.449400825619945772e-03 6.008109864016844374e-03 5.559940560452313225e-03 5.148632947745878513e-03 4.810003245991175541e-03 4.470003173723739558e-03 4.235193110696516133e-03
5.276735959694382672e+01 4.009148704494615600e+01 3.176793526307563553e+01 2.600656795643990193e+01 2.070898138736446370e+01 1.599820209012250949e+01 1.208840728359396444e+01 8.691894584956100900e+00 6.874580604811249884e+00 5.100207917161527327e+00 3.934243281509396617e+00 2.783912173365848730e+00 2.149335795467775867e+00 1.575775164470726741e+00 1.143240103273088781e+00 8.510193590670458441e-01 6.130296891674704707e-01 4.350691674479207349e-01 3.120352485040908119e-01 2.159673741444456396e-01 1.625594959322188005e-01 1.170277869667051829e-01 8.194034459220995992e-02 5.566808962791751358e-02 4.469010523590512263e-02 3.781322616196425984e-02 3.073024846846106675e-02 2.323390055796634157e-02 2.122279035327417906e-02 1.834626325657692444e-02 1.569160738733336655e-02 1.279256744703398049e-02 1.031725904082771844e-02 9.173044058230505476e-03 8.427060672897661309e-03 6.744705483749801646e-03 6.506638091493604711e-03 6.041150890326070153e-03 5.747596185931264957e-03 5.258128151384911485e-03 4.799364106284966479e-03 4.616729588138878716e-03 4.428768965857284370e-03 4.352362908487662080e-03 4.053996416784815676e-03 3.727045539199562180e-03 3.450037198094572412e-03 3.226170366285092961e-03 3.004245673972381382e-03 2.852156671023032500e-03
3.652513194850477163e+01 2.695472350615871804e+01 2.182877441836611609e+01 1.749555225123377511e+01 1.402026418040953359e+01 1.095464813017467876e+01 8.378245608492962404e+00 5.918314083205959086e+00 4.623110964114972354e+00 3.467645461750103575e+00 2.698331993027543341e+00 1.872571758102095085e+00 1.457715527406201916e+00 1.063654627141524589e+00 7.751852761278338333e-01 5.712397324131173182e-01 4.123588236271559238e-01 2.934170866329997018e-01 2.127992216036471429e-01 1.462745025552108225e-01 1.125581601199814180e-01 8.194034459220995992e-02 6.291410856590531897e-02 4.335350379139265437e-02 3.450948930346495885e-02 2.836649472186785273e-02 2.253855821429004425e-02 1.620162765541033334e-02 1.476868254509771175e-02 1.288122162771269778e-02 1.090827611811745479e-02 8.865991623255242704e-03 7.350175502377005038e-03 6.588686446558490555e-03 5.919868402111900206e-03 4.765150838674609909e-03 4.555576332371458897e-03 4.300364071672235083e-03 4.010735494921538295e-03 3.606375539112044275e-03 3.334929873670376427e-03 3.184036748500920864e-03 3.023610903834171929e-03 2.979184680482470024e-03 2.769446111584470457e-03 2.529125214672345127e-03 2.342237043867430139e-03 2.204389569499072207e-03 2.049052647825336335e-03 1.952033155612306614e-03
2.412578416230465450e+01 1.798264784362224233e+01 1.461256271352336356e+01 1.153741345068211466e+01 9.321107546823924395e+00 7.213398549722442432e+00 5.533791087612448756e+00 3.961536321338711364e+00 3.074888944487778275e+00 2.288254941496838946e+00 1.763510041087240410e+00 1.205117680624887777e+00 9.587623464859054145e-01 7.085083251661199455e-01 5.223237104312230539e-01 3.805126058139491896e-01 2.771380236589134349e-01 1.979068593068470661e-01 1.458208492973169790e-01 1.004342310652399928e-01 7.755764081480973071e-02 5.566808962791751358e-02 4.335350379139265437e-02 3.234722559519871005e-02 2.612561538209266440e-02 2.109880030786879732e-02 1.641932695124286370e-02 1.141657001173333567e-02 1.010697445541355356e-02 8.943712500662334003e-03 7.543412901365073933e-03 6.137624975550268550e-03 5.032687712032144281e-03 4.450518833992125889e-03 3.972657673567675692e-03 3.235499089076524122e-03 3.115105065081055519e-03 2.935203854562019182e-03 2.707250569034480147e-03 2.423388178818964254e-03 2.267561695668098183e-03 2.176521356239878146e-03 2.039345060798153971e-03 2.016808972045743518e-03 1.857076588077821722e-03 1.702423749945625566e-03 1.570231201620973229e-03 1.478117482240242893e-03 1.391914286114844662e-03 1.323702942488652395e-03
1.914025350329447051e+01 1.486650058536328878e+01 1.168773129666172750e+01 9.355414515246165408e+00 7.518603489612312174e+00 5.776392275299948587e+00 4.430885519278838558e+00 3.135362055819368887e+00 2.449524913198450005e+00 1.879239495758048939e+00 1.416970657527100830e+00 9.585425036115139408e-01 7.771428099611573659e-01 5.770694205182435033e-01 4.232754308814562494e-01 3.066088305310337714e-01 2.265026083518474342e-01 1.613691337844241347e-01 1.206461279888390442e-01 8.255250019528408145e-02 6.227687150414759620e-02 4.469010523590512263e-02 3.450948930346495885e-02 2.612561538209266440e-02 2.365414397173543765e-02 1.914619970878903704e-02 1.449812897210091614e-02 9.588922433351940861e-03 8.358169744153156125e-03 7.339775893700510936e-03 6.237506069190436667e-03 5.204461356436282903e-03 4.198266923637471171e-03 3.628164683521054121e-03 3.260126713018552530e-03 2.679786546137131152e-03 2.598578744337572740e-03 2.479834678059119040e-03 2.261508841090535508e-03 2.018890707918299249e-03 1.870770152493832564e-03 1.834178118628693351e-03 1.710163028888463240e-03 1.698792461581600383e-03 1.564886865331806785e-03 1.435903455867354375e-03 1.317243364133790888e-03 1.242420697155096612e-03 1.174574951880830729e-03 1.110982720268196373e-03
1.711373918716479992e+01 1.320689674412271231e+01 1.018806011107987075e+01 8.177279041199774667e+00 6.595709974435584044e+00 5.037648607577318138e+00 3.850293889322503826e+00 2.720957163899307751e+00 2.117686150133127665e+00 1.637551536953428810e+00 1.248494783710183409e+00 8.534861526963318790e-01 6.840996889653674362e-01 5.031702596771615577e-01 3.693939847707785606e-01 2.719459409042994102e-01 1.993175421228578492e-01 1.410990196373528016e-01 1.048291136098634946e-01 7.127339929423084919e-02 5.313672806153353634e-02 3.781322616196425984e-02 2.836649472186785273e-02 2.109880030786879732e-02 1.914619970878903704e-02 1.692993644534486475e-02 1.258107276714915887e-02 8.423191429795702512e-03 7.463432083982487510e-03 6.418263902266109489e-03 5.397804224791082420e-03 4.510923775587598501e-03 3.551730641331444886e-03 3.101668766495875584e-03 2.840100353474667855e-03 2.389561982981560414e-03 2.288576147698157155e-03 2.192368510495802843e-03 2.012241233302606517e-03 1.799566867392150132e-03 1.641434267922599896e-03 1.594719887663087867e-03 1.482351695563812952e-03 1.464434167851135036e-03 1.343838108091033497e-03 1.232664294375437290e-03 1.117630654533311981e-03 1.050998795027104299e-03 9.910932372146096826e-04 9.340121880143417406e-04
1.374189211088152085e+01 1.055631795097812109e+01 8.462361230486591168e+00 6.491405492562600799e+00 5.420504792948120709e+00 4.148616208298051333e+00 3.159153633897537894e+00 2.285810387200441607e+00 1.804863312769690031e+00 1.364949148571150017e+00 1.032144212379908499e+00 7.134834219719514703e-01 5.768940687939553280e-01 4.259908678787441838e-01 3.037900350270260619e-01 2.289404910603940746e-01 1.673745590736464006e-01 1.190381491993188628e-01 8.539107023228471871e-02 5.804186853467840912e-02 4.348185142548521842e-02 3.073024846846106675e-02 2.253855821429004425e-02 1.641932695124286370e-02 1.449812897210091614e-02 1.258107276714915887e-02 1.051709366559482745e-02 7.350834325888679424e-03 6.310728096040339567e-03 5.401118510397316316e-03 4.557767321331494294e-03 3.686127016387998577e-03 2.974646509178836308e-03 2.655441765391978234e-03 2.432381183757989247e-03 2.062098330757542938e-03 1.961954463527471743e-03 1.837694541704106227e-03 1.686997981174247728e-03 1.521854531054828152e-03 1.370216424834704580e-03 1.340939431722308270e-03 1.253294891231559972e-03 1.235910585320793790e-03 1.144067890342383067e-03 1.061473874395441313e-03 9.850574372712752984e-04 9.282580816958626961e-04 8.756059901530603489e-04 8.289063874260372373e-04
1.127837587333681846e+01 8.934510973684387736e+00 7.159313278212406928e+00 5.623546585272844567e+00 4.465370328358408969e+00 3.469394121799165287e+00 2.616041574984121709e+00 1.964643673007322233e+00 1.553103499846430591e+00 1.108466556120746294e+00 8.499417869400659464e-01 6.130162735917421557e-01 4.809642455484494095e-01 3.589783252374011968e-01 2.535655931088598436e-01 1.921726422512229082e-01 1.382750448031886403e-01 9.885542585015934247e-02 6.923818986477069115e-02 4.602275242127973343e-02 3.330534701363352390e-02 2.323390055796634157e-02 1.620162765541033334e-02 1.141657001173333567e-02 9.588922433351940861e-03 8.423191429795702512e-03 7.350834325888679424e-03 6.398185576487134749e-03 5.428578022941751673e-03 4.411005781623956491e-03 3.628630812769139628e-03 2.895397340292673021e-03 2.278944360621422676e-03 2.054621755771136610e-03 1.898389768349808800e-03 1.621436188209933937e-03 1.560722900797727056e-03 1.458044010240198583e-03 1.346973991769971494e-03 1.219292057155111448e-03 1.111506053757286552e-03 1.077530265875624839e-03 1.013301641829671531e-03 9.979292548684070251e-04 9.154768835318250961e-04 8.545060906811538775e-04 7.929113668114026346e-04 7.389497585140295021e-04 6.952318752544971734e-04 6.445772537409647819e-04
1.025182704246187448e+01 8.322656485391838999e+00 6.528317253295561784e+00 5.046804095836494142e+00 4.057517023940340195e+00 3.135509251863300761e+00 2.309464566498374616e+00 1.722882108992188854e+00 1.374154944476954077e+00 9.824127456806414083e-01 7.695476351703851581e-01 5.515822764346645091e-01 4.316937958721416835e-01 3.166693509488343605e-01 2.232477149128031524e-01 1.684088965545466332e-01 1.206862346292089522e-01 8.679134300007400327e-02 6.136152448545399013e-02 4.105822369215690604e-02 3.009239824853429668e-02 2.122279035327417906e-02 1.476868254509771175e-02 1.010697445541355356e-02 8.358169744153156125e-03 7.463432083982487510e-03 6.310728096040339567e-03 5.428578022941751673e-03 5.196596754039001752e-03 4.105757392468504553e-03 3.310008084468541237e-03 2.603447334330283129e-03 2.033730360538002751e-03 1.864916015844005678e-03 1.700081805751021448e-03 1.425785035259632180e-03 1.389844943280168490e-03 1.310221281150929012e-03 1.198024256644542648e-03 1.086580646101377879e-03 1.003968739493762714e-03 9.683887282931823116e-04 9.096303021528730649e-04 8.852691493138102824e-04 8.083660579032403946e-04 7.418650034781248785e-04 6.875034154278570524e-04 6.427951699687814956e-04 6.022912758936179800e-04 5.629038495074157071e-04
8.919459931485732795e+00 7.135825807610141069e+00 5.704792862659977537e+00 4.357225019294234336e+00 3.471220620503356447e+00 2.716450094182357056e+00 2.024618053050863065e+00 1.486730477155531860e+00 1.193890455341920731e+00 8.500152933312534742e-01 6.541074210395732003e-01 4.654713653802955431e-01 3.673224396824343874e-01 2.673745048625733034e-01 1.912682120714565837e-01 1.453399415005068585e-01 1.043698313687919793e-01 7.413228768140008029e-02 5.290133926462160102e-02 3.569784319577697096e-02 2.597036558097709155e-02 1.834626325657692444e-02 1.288122162771269778e-02 8.943712500662334003e-03 7.339775893700510936e-03 6.418263902266109489e-03 5.401118510397316316e-03 4.411005781623956491e-03 4.105757392468504553e-03 3.724058712141809207e-03 3.058880793026653826e-03 2.394077187518130461e-03 1.854961724781183227e-03 1.645497888973827599e-03 1.520417697192802441e-03 1.263970195290957561e-03 1.204295646486753428e-03 1.118704132680924286e-03 1.063728891540741085e-03 9.611924421797440280e-04 8.763497887148968954e-04 8.430849343901229134e-04 8.059590056179175618e-04 7.897928160375617323e-04 7.274603341228076323e-04 6.809789836438501264e-04 6.337104956846845985e-04 5.977745769026865646e-04 5.601214745431134763e-04 5.263493169215428943e-04
7.511856923296496014e+00 5.870397735560994867e+00 4.879417795418410364e+00 3.698259087754909302e+00 2.985601006387291090e+00 2.334112380308041690e+00 1.693610172456480711e+00 1.240170657555822231e+00 1.005461760283454797e+00 7.427863442290031371e-01 5.661459240543506022e-01 4.016058407268280339e-01 3.180062458951951609e-01 2.312405319867159303e-01 1.644327277857521585e-01 1.240707052496167750e-01 9.051439905631665506e-02 6.289689739386833400e-02 4.484890627090660359e-02 3.029904976711598683e-02 2.225608262857720759e-02 1.569160738733336655e-02 1.090827611811745479e-02 7.543412901365073933e-03 6.237506069190436667e-03 5.397804224791082420e-03 4.557767321331494294e-03 3.628630812769139628e-03 3.310008084468541237e-03 3.058880793026653826e-03 2.806062425756885702e-03 2.186529420101633158e-03 1.650287092186596095e-03 1.447087068779715543e-03 1.341114155945838729e-03 1.079708323848354787e-03 1.032932783696182896e-03 9.546983074766657914e-04 9.294152139963096637e-04 8.422980302567403691e-04 7.608829287401974294e-04 7.369539861656511370e-04 7.090476774779020958e-04 6.937747182301392916e-04 6.387683294929418897e-04 5.976480669401448278e-04 5.526284433107200508e-04 5.188365272164263903e-04 4.871309762988619649e-04 4.586695535268241848e-04
6.317604689287174224e+00 4.843559224951361486e+00 4.043387345592970306e+00 3.127325215096489863e+00 2.467782647269332053e+00 1.937319057982250126e+00 1.416622044469378672e+00 1.033978478640616760e+00 8.311678398548112412e-01 6.269232659891834647e-01 4.752281851823438874e-01 3.366045042114902963e-01 2.658868883859965004e-01 1.909329065059432451e-01 1.376986682704701703e-01 1.024413267470077049e-01 7.548179976077873388e-02 5.141851787937447987e-02 3.713920591099692525e-02 2.526656190736781271e-02 1.850826039503453840e-02 1.279256744703398049e-02 8.865991623255242704e-03 6.137624975550268550e-03 5.204461356436282903e-03 4.510923775587598501e-03 3.686127016387998577e-03 2.895397340292673021e-03 2.603447334330283129e-03 2.394077187518130461e-03 2.186529420101633158e-03 1.920586077558160149e-03 1.421261258810587597e-03 1.207398466809084378e-03 1.112583345341305570e-03 9.001430437315764699e-04 8.470965098237574114e-04 7.995933699557113833e-04 7.638496492226507211e-04 6.971357348175414356e-04 6.223628939606731759e-04 6.079085468413585394e-04 5.795144067116006449e-04 5.684897660947436709e-04 5.230290303306346471e-04 4.885669398904190315e-04 4.523477493699301741e-04 4.256037293282745695e-04 3.998246842696735423e-04 3.788674175284505240e-04
